98693581
123746798
1086176387
61836666
199645
199579
199631
25280879
252278546
1200092857
344594624
61846438
199633
1353014351
294134554
2293870432
303569846
78185101
78206150
199709
25280894
199711
251064643
199629
378033
1972053
378036
33236714
33236713
33236712
13870920
199670
16053361
33236691
199674
2003243064
377970
9697671
9697669
17314952
14078721
378547
4032457024
4032457021
1174052565
33245899
24966921
25267588
26405242
105820957
17314580
248525008
68227270
105997268
60631931
34166934
60957676
66840257
272454513
164424667
60424767
1835762311
25280691
64980132
61922011
2600458442
60632128
61922604
378965
25280695
60733473
199719
1843138875
2459063161
69686609